MIN=0	-10	-1	-1	-2
MAX=25	10	1	1	2
SCALE=25	5	0,5	0,5	1
DEC=2	2	3	3	2
DEF="Tiempo" t / s	"Tensión" U_1 / V	"Corriente" I_1 / A	"Tensión" U_B2 / V	"Flujo magnético" &F / Vs
0	0	-0,006	0,006	0
0,02	0,005	-0,007	0,0035	9,5E-05
0,04	0,015	-0,006	0,006	0,00019
0,06	0,02	-0,005	0,0075	0,000325
0,08	0,03	-0,005	0,0175	0,000575
0,1	0,04	-0,004	0,0215	0,000965
0,12	0,045	-0,003	0,0305	0,001485
0,14	0,055	-0,002	0,04	0,00219
0,16	0,06	-0,001	0,038	0,00297
0,18	0,07	0	0,043	0,00378
0,2	0,08	0,001	0,046	0,00467
0,22	0,085	0,0025	0,052	0,00565
0,24	0,095	0,004	0,0605	0,006775
0,26	0,1	0,0055	0,0645	0,008025
0,28	0,11	0,0065	0,066	0,00933
0,3	0,12	0,008	0,0775	0,010765
0,32	0,125	0,0095	0,0895	0,012435
0,34	0,135	0,011	0,087	0,0142
0,36	0,14	0,0125	0,0815	0,015885
0,38	0,15	0,0145	0,092	0,01762
0,4	0,16	0,016	0,106	0,0196
0,42	0,165	0,0175	0,105	0,02171
0,44	0,175	0,019	0,1015	0,023775
0,46	0,18	0,021	0,1145	0,025935
0,48	0,19	0,0225	0,1215	0,028295
0,5	0,2	0,024	0,1125	0,030635
0,52	0,205	0,026	0,1215	0,032975
0,54	0,215	0,0275	0,137	0,03556
0,56	0,22	0,0295	0,1355	0,038285
0,58	0,23	0,031	0,134	0,04098
0,6	0,24	0,033	0,134	0,04366
0,62	0,245	0,035	0,1485	0,046485
0,64	0,255	0,0365	0,155	0,04952
0,66	0,26	0,0385	0,1555	0,052625
0,68	0,27	0,04	0,153	0,05571
0,7	0,28	0,042	0,1525	0,058765
0,72	0,285	0,0435	0,1625	0,061915
0,74	0,295	0,0455	0,168	0,06522
0,76	0,3	0,047	0,1725	0,068625
0,78	0,31	0,049	0,184	0,07219
0,8	0,32	0,0505	0,181	0,07584
0,82	0,325	0,0515	0,183	0,07948
0,84	0,335	0,053	0,184	0,08315
0,86	0,34	0,054	0,196	0,08695
0,88	0,35	0,055	0,2105	0,091015
0,9	0,36	0,0555	0,2175	0,095295
0,92	0,365	0,0565	0,21	0,09957
0,94	0,375	0,0575	0,214	0,10381
0,96	0,38	0,0585	0,2205	0,108155
0,98	0,39	0,059	0,238	0,11274
1	0,4	0,06	0,243	0,11755
1,02	0,405	0,061	0,2495	0,122475
1,04	0,415	0,062	0,2485	0,127455
1,06	0,42	0,063	0,252	0,13246
1,08	0,43	0,064	0,254	0,13752
1,1	0,44	0,0655	0,2675	0,142735
1,12	0,445	0,0665	0,277	0,14818
1,14	0,455	0,0675	0,2705	0,153655
1,16	0,46	0,069	0,2805	0,159165
1,18	0,47	0,07	0,291	0,16488
1,2	0,48	0,0715	0,2875	0,170665
1,22	0,485	0,073	0,2895	0,176435
1,24	0,495	0,074	0,3025	0,182355
1,26	0,5	0,0755	0,3085	0,188465
1,28	0,51	0,077	0,306	0,19461
1,3	0,52	0,0785	0,307	0,20074
1,32	0,525	0,08	0,3095	0,206905
1,34	0,535	0,082	0,3225	0,213225
1,36	0,54	0,083	0,326	0,21971
1,38	0,55	0,085	0,3355	0,226325
1,4	0,56	0,086	0,332	0,233
1,42	0,565	0,088	0,33	0,23962
1,44	0,575	0,0895	0,336	0,24628
1,46	0,58	0,091	0,3505	0,253145
1,48	0,59	0,092	0,359	0,26024
1,5	0,6	0,094	0,362	0,26745
1,52	0,605	0,095	0,359	0,27466
1,54	0,615	0,0965	0,3625	0,281875
1,56	0,62	0,098	0,362	0,28912
1,58	0,63	0,0995	0,3665	0,296405
1,6	0,64	0,101	0,372	0,30379
1,62	0,645	0,103	0,3775	0,311285
1,64	0,655	0,1045	0,3875	0,318935
1,66	0,66	0,1065	0,3905	0,326715
1,68	0,67	0,108	0,396	0,33458
1,7	0,68	0,1095	0,396	0,3425
1,72	0,685	0,1115	0,3935	0,350395
1,74	0,695	0,1135	0,396	0,35829
1,76	0,7	0,116	0,398	0,36623
1,78	0,71	0,1175	0,41	0,37431
1,8	0,72	0,12	0,4185	0,382595
1,82	0,725	0,1215	0,4175	0,390955
1,84	0,735	0,124	0,4185	0,399315
1,86	0,74	0,127	0,4095	0,407595
1,88	0,75	0,129	0,4125	0,415815
1,9	0,76	0,1315	0,4175	0,424115
1,92	0,765	0,134	0,421	0,4325
1,94	0,775	0,1365	0,4325	0,441035
1,96	0,78	0,139	0,4275	0,449635
1,98	0,79	0,142	0,4245	0,458155
2	0,8	0,144	0,4265	0,466665
2,02	0,805	0,147	0,4265	0,475195
2,04	0,815	0,15	0,4365	0,483825
2,06	0,82	0,1525	0,437	0,49256
2,08	0,83	0,1555	0,4425	0,501355
2,1	0,84	0,158	0,437	0,51015
2,12	0,845	0,161	0,432	0,51884
2,14	0,855	0,164	0,435	0,52751
2,16	0,86	0,167	0,434	0,5362
2,18	0,87	0,17	0,446	0,545
2,2	0,88	0,1735	0,447	0,55393
2,22	0,885	0,177	0,4365	0,562765
2,24	0,895	0,1805	0,438	0,57151
2,26	0,9	0,184	0,431	0,5802
2,28	0,91	0,1875	0,435	0,58886
2,3	0,92	0,191	0,4395	0,597605
2,32	0,925	0,195	0,4415	0,606415
2,34	0,935	0,199	0,4345	0,615175
2,36	0,94	0,203	0,4295	0,623815
2,38	0,95	0,2075	0,4245	0,632355
2,4	0,96	0,212	0,4215	0,640815
2,42	0,965	0,2165	0,4205	0,649235
2,44	0,975	0,221	0,4215	0,657655
2,46	0,98	0,226	0,4215	0,666085
2,48	0,99	0,2305	0,4175	0,674475
2,5	1	0,2355	0,411	0,68276
2,52	1,005	0,2405	0,398	0,69085
2,54	1,015	0,2455	0,4015	0,698845
2,56	1,02	0,251	0,402	0,70688
2,58	1,03	0,2565	0,3875	0,714775
2,6	1,04	0,262	0,3825	0,722475
2,62	1,045	0,2675	0,374	0,73004
2,64	1,055	0,273	0,374	0,73752
2,66	1,06	0,279	0,369	0,74495
2,68	1,07	0,285	0,3685	0,752325
2,7	1,08	0,291	0,3625	0,759635
2,72	1,085	0,2975	0,3525	0,766785
2,74	1,095	0,304	0,3405	0,773715
2,76	1,1	0,3105	0,3265	0,780385
2,78	1,11	0,317	0,321	0,78686
2,8	1,12	0,324	0,315	0,79322
2,82	1,125	0,331	0,307	0,79944
2,84	1,135	0,338	0,306	0,80557
2,86	1,14	0,345	0,2975	0,811605
2,88	1,15	0,352	0,291	0,81749
2,9	1,16	0,3595	0,2835	0,823235
2,92	1,165	0,366	0,268	0,82875
2,94	1,175	0,3735	0,259	0,83402
2,96	1,18	0,3805	0,243	0,83904
2,98	1,19	0,388	0,2365	0,843835
3	1,2	0,395	0,232	0,84852
3,02	1,205	0,402	0,23	0,85314
3,04	1,215	0,409	0,2235	0,857675
3,06	1,22	0,416	0,2085	0,861995
3,08	1,23	0,423	0,1945	0,866025
3,1	1,24	0,43	0,189	0,86986
3,12	1,245	0,4365	0,183	0,87358
3,14	1,255	0,4435	0,183	0,87724
3,16	1,26	0,45	0,1755	0,880825
3,18	1,27	0,4565	0,1655	0,884235
3,2	1,28	0,463	0,156	0,88745
3,22	1,285	0,469	0,144	0,89045
3,24	1,295	0,475	0,1425	0,893315
3,26	1,3	0,4815	0,1365	0,896105
3,28	1,31	0,487	0,136	0,89883
3,3	1,32	0,4925	0,137	0,90156
3,32	1,325	0,4985	0,13	0,90423
3,34	1,335	0,504	0,1235	0,906765
3,36	1,34	0,5095	0,1115	0,909115
3,38	1,35	0,515	0,107	0,9113
3,4	1,36	0,52	0,1085	0,913455
3,42	1,365	0,5255	0,11	0,91564
3,44	1,375	0,5305	0,1085	0,917825
3,46	1,38	0,5355	0,1	0,91991
3,48	1,39	0,5405	0,092	0,92183
3,5	1,4	0,545	0,0895	0,923645
3,52	1,405	0,55	0,0845	0,925385
3,54	1,415	0,5545	0,0855	0,927085
3,56	1,42	0,5585	0,09	0,92884
3,58	1,43	0,5635	0,084	0,93058
3,6	1,44	0,5675	0,0785	0,932205
3,62	1,445	0,572	0,074	0,93373
3,64	1,455	0,5765	0,078	0,93525
3,66	1,46	0,5805	0,0755	0,936785
3,68	1,47	0,585	0,076	0,9383
3,7	1,48	0,589	0,0785	0,939845
3,72	1,485	0,5935	0,075	0,94138
3,74	1,495	0,5975	0,07	0,94283
3,76	1,5	0,6015	0,065	0,944179999999999
3,78	1,51	0,6055	0,065	0,945479999999999
3,8	1,52	0,6095	0,0645	0,946774999999999
3,82	1,525	0,6135	0,061	0,948029999999999
3,84	1,535	0,6175	0,064	0,949279999999999
3,86	1,54	0,6215	0,058	0,950499999999999
3,88	1,55	0,625	0,06	0,951679999999999
3,9	1,56	0,629	0,0645	0,952924999999999
3,92	1,565	0,633	0,064	0,954209999999999
3,94	1,575	0,637	0,068	0,955529999999999
3,96	1,58	0,641	0,0635	0,956844999999999
3,98	1,59	0,6445	0,0605	0,958084999999999
4	1,6	0,6485	0,055	0,959239999999999
4,02	1,605	0,652	0,0525	0,960314999999999
4,04	1,615	0,6555	0,0525	0,961364999999999
4,06	1,62	0,6595	0,0495	0,962384999999999
4,08	1,63	0,663	0,054	0,96342
4,1	1,64	0,6665	0,0615	0,964575
4,12	1,645	0,6705	0,0585	0,965775
4,14	1,655	0,674	0,0515	0,966874999999999
4,16	1,66	0,678	0,0465	0,967854999999999
4,18	1,67	0,6815	0,048	0,968799999999999
4,2	1,68	0,685	0,049	0,969769999999999
4,22	1,685	0,6885	0,057	0,970829999999999
4,24	1,695	0,692	0,0515	0,971914999999999
4,26	1,7	0,696	0,0465	0,972894999999999
4,28	1,71	0,6995	0,045	0,973809999999999
4,3	1,72	0,7035	0,0535	0,974794999999999
4,32	1,725	0,707	0,0495	0,975824999999999
4,34	1,735	0,7105	0,0505	0,976824999999999
4,36	1,74	0,714	0,0525	0,977854999999999
4,38	1,75	0,7175	0,0545	0,978924999999999
4,4	1,76	0,721	0,0525	0,979994999999999
4,42	1,765	0,725	0,044	0,980959999999999
4,44	1,775	0,728	0,049	0,981889999999999
4,46	1,78	0,732	0,0405	0,982784999999999
4,48	1,79	0,7355	0,041	0,983599999999999
4,5	1,8	0,739	0,0435	0,984444999999999
4,52	1,805	0,743	0,0445	0,985324999999999
4,54	1,815	0,7465	0,051	0,986279999999999
4,56	1,82	0,75	0,0395	0,987184999999999
4,58	1,83	0,753	0,04	0,987979999999999
4,6	1,84	0,757	0,04	0,988779999999999
4,62	1,845	0,7605	0,0395	0,989574999999999
4,64	1,855	0,764	0,046	0,990429999999999
4,66	1,86	0,7675	0,0465	0,991354999999999
4,68	1,87	0,771	0,048	0,992299999999999
4,7	1,88	0,775	0,049	0,993269999999999
4,72	1,885	0,778	0,045	0,994209999999999
4,74	1,895	0,782	0,0415	0,995074999999999
4,76	1,9	0,7855	0,0355	0,995844999999999
4,78	1,91	0,789	0,037	0,996569999999999
4,8	1,92	0,792	0,0365	0,997304999999999
4,82	1,925	0,796	0,042	0,998089999999999
4,84	1,935	0,799	0,043	0,998939999999999
4,86	1,94	0,8025	0,0425	0,999794999999999
4,88	1,95	0,806	0,04	1,00062
4,9	1,96	0,8095	0,04	1,00142
4,92	1,965	0,813	0,0335	1,002155
4,94	1,975	0,8165	0,0385	1,002875
4,96	1,98	0,82	0,0355	1,003615
4,98	1,99	0,8235	0,0435	1,004405
5	2	0,827	0,044	1,00528
5,02	1,995	0,8305	0,0295	1,006015
5,04	1,985	0,8325	0,013	1,00644
5,06	1,98	0,834	0,0075	1,006645
5,08	1,97	0,8345	0	1,00672
5,1	1,96	0,8345	-0,0055	1,006665
5,12	1,955	0,8335	-0,0025	1,006585
5,14	1,945	0,8315	-0,008	1,00648
5,16	1,94	0,829	-0,0055	1,006345
5,18	1,93	0,8265	-0,0065	1,006225
5,2	1,92	0,8235	-0,008	1,00608
5,22	1,915	0,821	-0,0045	1,005955
5,24	1,905	0,818	-0,0065	1,005845
5,26	1,9	0,815	-0,0055	1,005725
5,28	1,89	0,812	-0,006	1,00561
5,3	1,88	0,8085	-0,0075	1,005475
5,32	1,875	0,8055	-0,0065	1,005335
5,34	1,865	0,8025	-0,0075	1,005195
5,36	1,86	0,799	-0,0075	1,005045
5,38	1,85	0,796	-0,0125	1,004845
5,4	1,84	0,7925	-0,0185	1,004535
5,42	1,835	0,7895	-0,018	1,00417
5,44	1,825	0,786	-0,0185	1,003805
5,46	1,82	0,783	-0,017	1,00345
5,48	1,81	0,7795	-0,0185	1,003095
5,5	1,8	0,7765	-0,018	1,00273
5,52	1,795	0,773	-0,014	1,00241
5,54	1,785	0,7695	-0,0105	1,002165
5,56	1,78	0,766	-0,0075	1,001985
5,58	1,77	0,763	-0,0095	1,001815
5,6	1,76	0,7595	-0,017	1,00155
5,62	1,755	0,7565	-0,018	1,0012
5,64	1,745	0,753	-0,0205	1,000815
5,66	1,74	0,7495	-0,018	1,00043
5,68	1,73	0,7465	-0,017	1,00008
5,7	1,72	0,743	-0,014	0,999769999999998
5,72	1,715	0,7395	-0,01	0,999529999999998
5,74	1,705	0,7365	-0,0125	0,999304999999998
5,76	1,7	0,733	-0,015	0,999029999999998
5,78	1,69	0,7295	-0,021	0,998669999999998
5,8	1,68	0,7265	-0,023	0,998229999999998
5,82	1,675	0,723	-0,021	0,997789999999998
5,84	1,665	0,7195	-0,023	0,997349999999998
5,86	1,66	0,7165	-0,0215	0,996904999999998
5,88	1,65	0,713	-0,0205	0,996484999999998
5,9	1,64	0,71	-0,0215	0,996064999999998
5,92	1,635	0,7065	-0,0145	0,995704999999998
5,94	1,625	0,703	-0,0155	0,995404999999998
5,96	1,62	0,6995	-0,012	0,995129999999998
5,98	1,61	0,6965	-0,018	0,994829999999998
6	1,6	0,693	-0,024	0,994409999999998
6,02	1,595	0,69	-0,024	0,993929999999998
6,04	1,585	0,6865	-0,021	0,993479999999998
6,06	1,58	0,6835	-0,013	0,993139999999998
6,08	1,57	0,68	-0,015	0,992859999999999
6,1	1,56	0,677	-0,02	0,992509999999999
6,12	1,555	0,6735	-0,024	0,992069999999999
6,14	1,545	0,6705	-0,0285	0,991544999999999
6,16	1,54	0,667	-0,026	0,990999999999999
6,18	1,53	0,6635	-0,0275	0,990464999999999
6,2	1,52	0,66	-0,0225	0,989964999999999
6,22	1,515	0,657	-0,022	0,989519999999999
6,24	1,505	0,6535	-0,02	0,989099999999999
6,26	1,5	0,65	-0,0185	0,988714999999999
6,28	1,49	0,647	-0,0235	0,988294999999999
6,3	1,48	0,6435	-0,028	0,987779999999999
6,32	1,475	0,6395	-0,0255	0,987244999999998
6,34	1,465	0,6365	-0,0305	0,986684999999998
6,36	1,46	0,633	-0,0295	0,986084999999998
6,38	1,45	0,6295	-0,0305	0,985484999999999
6,4	1,44	0,626	-0,0335	0,984844999999999
6,42	1,435	0,623	-0,0325	0,984184999999999
6,44	1,425	0,6195	-0,034	0,983519999999999
6,46	1,42	0,6165	-0,027	0,982909999999999
6,48	1,41	0,613	-0,0295	0,982344999999998
6,5	1,4	0,6095	-0,028	0,981769999999998
6,52	1,395	0,606	-0,025	0,981239999999998
6,54	1,385	0,6025	-0,028	0,980709999999998
6,56	1,38	0,5995	-0,0295	0,980134999999998
6,58	1,37	0,596	-0,035	0,979489999999998
6,6	1,36	0,593	-0,038	0,978759999999998
6,62	1,355	0,5895	-0,0375	0,978004999999998
6,64	1,345	0,586	-0,04	0,977229999999998
6,66	1,34	0,5825	-0,037	0,976459999999999
6,68	1,33	0,5795	-0,038	0,975709999999999
6,7	1,32	0,576	-0,037	0,974959999999998
6,72	1,315	0,5725	-0,0295	0,974294999999998
6,74	1,305	0,5695	-0,0315	0,973684999999998
6,76	1,3	0,566	-0,03	0,973069999999998
6,78	1,29	0,563	-0,033	0,972439999999998
6,8	1,28	0,5595	-0,033	0,971779999999998
6,82	1,275	0,556	-0,035	0,971099999999998
6,84	1,265	0,553	-0,043	0,970319999999998
6,86	1,26	0,5495	-0,0405	0,969484999999998
6,88	1,25	0,5465	-0,042	0,968659999999998
6,9	1,24	0,543	-0,0375	0,967864999999998
6,92	1,235	0,54	-0,0315	0,967174999999998
6,94	1,225	0,5365	-0,035	0,966509999999998
6,96	1,22	0,5335	-0,0355	0,965804999999998
6,98	1,21	0,53	-0,043	0,965019999999998
7	1,2	0,527	-0,0455	0,964134999999998
7,02	1,195	0,5235	-0,0405	0,963274999999998
7,04	1,185	0,5205	-0,042	0,962449999999998
7,06	1,18	0,517	-0,0325	0,961704999999998
7,08	1,17	0,514	-0,035	0,961029999999999
7,1	1,16	0,5105	-0,041	0,960269999999999
7,12	1,155	0,507	-0,0405	0,959454999999999
7,14	1,145	0,504	-0,047	0,958579999999998
7,16	1,14	0,5005	-0,0425	0,957684999999998
7,18	1,13	0,497	-0,0355	0,956904999999998
7,2	1,12	0,494	-0,0375	0,956174999999998
7,22	1,115	0,4905	-0,0365	0,955434999999998
7,24	1,105	0,4875	-0,0435	0,954634999999998
7,26	1,1	0,484	-0,046	0,953739999999998
7,28	1,09	0,481	-0,0475	0,952804999999998
7,3	1,08	0,4775	-0,046	0,951869999999998
7,32	1,075	0,474	-0,0365	0,951044999999998
7,34	1,065	0,471	-0,0385	0,950294999999998
7,36	1,06	0,4675	-0,045	0,949459999999998
7,38	1,05	0,4645	-0,0495	0,948514999999998
7,4	1,04	0,4615	-0,0505	0,947514999999998
7,42	1,035	0,458	-0,0445	0,946564999999998
7,44	1,025	0,4545	-0,048	0,945639999999998
7,46	1,02	0,451	-0,041	0,944749999999998
7,48	1,01	0,448	-0,0405	0,943934999999998
7,5	1	0,4445	-0,047	0,943059999999998
7,52	0,995	0,4415	-0,052	0,942069999999998
7,54	0,985	0,4385	-0,0485	0,941064999999998
7,56	0,98	0,435	-0,043	0,940149999999998
7,58	0,97	0,4315	-0,043	0,939289999999998
7,6	0,96	0,4285	-0,045	0,938409999999998
7,62	0,955	0,4255	-0,0435	0,937524999999998
7,64	0,945	0,422	-0,054	0,936549999999998
7,66	0,94	0,419	-0,0505	0,935504999999998
7,68	0,93	0,4155	-0,0445	0,934554999999998
7,7	0,92	0,4125	-0,046	0,933649999999998
7,72	0,915	0,4095	-0,0465	0,932724999999998
7,74	0,905	0,4065	-0,056	0,931699999999998
7,76	0,9	0,403	-0,054	0,930599999999998
7,78	0,89	0,3995	-0,047	0,929589999999998
7,8	0,88	0,3965	-0,051	0,928609999999998
7,82	0,875	0,3935	-0,057	0,927529999999998
7,84	0,865	0,39	-0,0595	0,926364999999998
7,86	0,86	0,387	-0,052	0,925249999999998
7,88	0,85	0,3835	-0,0495	0,924234999999998
7,9	0,84	0,3805	-0,053	0,923209999999998
7,92	0,835	0,3775	-0,0565	0,922114999999998
7,94	0,825	0,374	-0,063	0,920919999999998
7,96	0,82	0,371	-0,0605	0,919684999999998
7,98	0,81	0,3675	-0,059	0,918489999999998
8	0,8	0,3645	-0,0545	0,917354999999998
8,02	0,795	0,3615	-0,0535	0,916274999999998
8,04	0,785	0,358	-0,063	0,915109999999998
8,06	0,78	0,355	-0,0625	0,913854999999998
8,08	0,77	0,352	-0,057	0,912659999999998
8,1	0,76	0,3485	-0,0585	0,911504999999998
8,12	0,755	0,3455	-0,0555	0,910364999999998
8,14	0,745	0,3425	-0,059	0,909219999999998
8,16	0,74	0,339	-0,067	0,907959999999998
8,18	0,73	0,3355	-0,0635	0,906654999999998
8,2	0,72	0,3325	-0,061	0,905409999999998
8,22	0,715	0,3295	-0,058	0,904219999999998
8,24	0,705	0,3265	-0,061	0,903029999999998
8,26	0,7	0,323	-0,0645	0,901774999999998
8,28	0,69	0,32	-0,069	0,900439999999998
8,3	0,68	0,317	-0,0735	0,899014999999998
8,32	0,675	0,314	-0,073	0,897549999999998
8,34	0,665	0,311	-0,0745	0,896074999999998
8,36	0,66	0,3075	-0,073	0,894599999999998
8,38	0,65	0,3045	-0,0745	0,893124999999998
8,4	0,64	0,3015	-0,0735	0,891644999999998
8,42	0,635	0,2985	-0,063	0,890279999999998
8,44	0,625	0,2955	-0,066	0,888989999999998
8,46	0,62	0,2925	-0,0645	0,887684999999998
8,48	0,61	0,289	-0,067	0,886369999999998
8,5	0,6	0,2865	-0,0745	0,884954999999998
8,52	0,595	0,283	-0,078	0,883429999999998
8,54	0,585	0,2805	-0,08	0,881849999999998
8,56	0,58	0,277	-0,0795	0,880254999999998
8,58	0,57	0,2745	-0,0745	0,878714999999998
8,6	0,56	0,2715	-0,074	0,877229999999998
8,62	0,555	0,2685	-0,0725	0,875764999999998
8,64	0,545	0,2655	-0,083	0,874209999999998
8,66	0,54	0,2625	-0,0815	0,872564999999998
8,68	0,53	0,259	-0,0825	0,870924999999998
8,7	0,52	0,2565	-0,081	0,869289999999998
8,72	0,515	0,2535	-0,076	0,867719999999998
8,74	0,505	0,2505	-0,0855	0,866104999999998
8,76	0,5	0,2475	-0,0875	0,864374999999998
8,78	0,49	0,2445	-0,092	0,862579999999998
8,8	0,48	0,2415	-0,095	0,860709999999998
8,82	0,475	0,2385	-0,0885	0,858874999999998
8,84	0,465	0,2355	-0,0855	0,857134999999998
8,86	0,46	0,233	-0,084	0,855439999999998
8,88	0,45	0,23	-0,093	0,853669999999998
8,9	0,44	0,227	-0,1005	0,851734999999998
8,92	0,435	0,224	-0,0955	0,849774999999998
8,94	0,425	0,221	-0,0945	0,847874999999998
8,96	0,42	0,2185	-0,0885	0,846044999999998
8,98	0,41	0,215	-0,092	0,844239999999998
9	0,4	0,2125	-0,0995	0,842324999999998
9,02	0,395	0,2095	-0,103	0,840299999999998
9,04	0,385	0,207	-0,1055	0,838214999999998
9,06	0,38	0,204	-0,1075	0,836084999999998
9,08	0,37	0,201	-0,111	0,833899999999998
9,1	0,36	0,1985	-0,114	0,831649999999998
9,12	0,355	0,1955	-0,1065	0,829444999999998
9,14	0,345	0,1925	-0,1055	0,827324999999998
9,16	0,34	0,19	-0,103	0,825239999999998
9,18	0,33	0,187	-0,1065	0,823144999999998
9,2	0,32	0,1845	-0,11	0,820979999999998
9,22	0,315	0,182	-0,107	0,818809999999998
9,24	0,305	0,179	-0,1115	0,816624999999998
9,26	0,3	0,1765	-0,1095	0,814414999999998
9,28	0,29	0,174	-0,116	0,812159999999998
9,3	0,28	0,171	-0,1245	0,809754999999998
9,32	0,275	0,1685	-0,1255	0,807254999999998
9,34	0,265	0,1655	-0,133	0,804669999999998
9,36	0,26	0,163	-0,132	0,802019999999998
9,38	0,25	0,1605	-0,1345	0,799354999999998
9,4	0,24	0,158	-0,1365	0,796644999999998
9,42	0,235	0,155	-0,1305	0,793974999999998
9,44	0,225	0,1525	-0,136	0,791309999999998
9,46	0,22	0,15	-0,132	0,788629999999998
9,48	0,21	0,1475	-0,1375	0,785934999999998
9,5	0,2	0,145	-0,139	0,783169999999998
9,52	0,195	0,1425	-0,144	0,780339999999998
9,54	0,185	0,14	-0,1535	0,777364999999998
9,56	0,18	0,1375	-0,151	0,774319999999998
9,58	0,17	0,135	-0,1505	0,771304999999998
9,6	0,16	0,1325	-0,1555	0,768244999999998
9,62	0,155	0,13	-0,1565	0,765124999999998
9,64	0,145	0,1275	-0,1595	0,761964999999998
9,66	0,14	0,125	-0,1585	0,758784999999998
9,68	0,13	0,1225	-0,158	0,755619999999998
9,7	0,12	0,12	-0,1615	0,752424999999998
9,72	0,115	0,1175	-0,164	0,749169999999998
9,74	0,105	0,1155	-0,176	0,745769999999998
9,76	0,1	0,113	-0,177	0,742239999999998
9,78	0,09	0,1105	-0,18	0,738669999999998
9,8	0,08	0,1085	-0,175	0,735119999999998
9,82	0,075	0,106	-0,176	0,731609999999998
9,84	0,065	0,1035	-0,1835	0,728014999999998
9,86	0,06	0,1015	-0,187	0,724309999999998
9,88	0,05	0,099	-0,191	0,720529999999998
9,9	0,04	0,0965	-0,1955	0,716664999999998
9,92	0,035	0,0945	-0,1925	0,712784999999998
9,94	0,025	0,0925	-0,2015	0,708844999999998
9,96	0,02	0,09	-0,1965	0,704864999999998
9,98	0,01	0,088	-0,204	0,700859999999998
10	0	0,0855	-0,2095	0,696724999999998
10,02	-0,005	0,0835	-0,2125	0,692504999999998
10,04	-0,015	0,0815	-0,217	0,688209999999998
10,06	-0,02	0,079	-0,206	0,683979999999998
10,08	-0,03	0,077	-0,2145	0,679774999999998
10,1	-0,04	0,075	-0,222	0,675409999999998
10,12	-0,045	0,073	-0,226	0,670929999999997
10,14	-0,055	0,0705	-0,2325	0,666344999999998
10,16	-0,06	0,0685	-0,23	0,661719999999998
10,18	-0,07	0,0665	-0,2335	0,657084999999998
10,2	-0,08	0,0645	-0,2345	0,652404999999997
10,22	-0,085	0,0625	-0,2305	0,647754999999997
10,24	-0,095	0,0605	-0,2405	0,643044999999998
10,26	-0,1	0,058	-0,246	0,638179999999998
10,28	-0,11	0,0565	-0,251	0,633209999999998
10,3	-0,12	0,0545	-0,257	0,628129999999997
10,32	-0,125	0,052	-0,2595	0,622964999999998
10,34	-0,135	0,05	-0,264	0,617729999999998
10,36	-0,14	0,048	-0,2665	0,612424999999998
10,38	-0,15	0,0465	-0,272	0,607039999999997
10,4	-0,16	0,0445	-0,278	0,601539999999998
10,42	-0,165	0,0425	-0,279	0,595969999999998
10,44	-0,175	0,0405	-0,284	0,590339999999998
10,46	-0,18	0,0385	-0,2795	0,584704999999997
10,48	-0,19	0,037	-0,2815	0,579094999999997
10,5	-0,2	0,035	-0,284	0,573439999999998
10,52	-0,205	0,033	-0,285	0,567749999999998
10,54	-0,215	0,031	-0,299	0,561909999999997
10,56	-0,22	0,0295	-0,2965	0,555954999999998
10,58	-0,23	0,028	-0,305	0,549939999999998
10,6	-0,24	0,026	-0,3125	0,543764999999998
10,62	-0,245	0,024	-0,314	0,537499999999997
10,64	-0,255	0,0225	-0,321	0,531149999999998
10,66	-0,26	0,0205	-0,3245	0,524694999999998
10,68	-0,27	0,0185	-0,3275	0,518174999999998
10,7	-0,28	0,0175	-0,331	0,511589999999997
10,72	-0,285	0,0155	-0,326	0,505019999999998
10,74	-0,295	0,014	-0,332	0,498439999999998
10,76	-0,3	0,0125	-0,3335	0,491784999999998
10,78	-0,31	0,0105	-0,3435	0,485014999999998
10,8	-0,32	0,009	-0,3565	0,478014999999998
10,82	-0,325	0,0075	-0,36	0,470849999999998
10,84	-0,335	0,006	-0,363	0,463619999999998
10,86	-0,34	0,0045	-0,3565	0,456424999999998
10,88	-0,35	0,003	-0,3595	0,449264999999998
10,9	-0,36	0,0015	-0,372	0,441949999999998
10,92	-0,365	-0,0005	-0,375	0,434479999999998
10,94	-0,375	-0,0015	-0,3875	0,426854999999998
10,96	-0,38	-0,003	-0,3895	0,419084999999997
10,98	-0,39	-0,0045	-0,3875	0,411314999999998
11	-0,4	-0,005	-0,394	0,403499999999998
11,02	-0,405	-0,0065	-0,3925	0,395634999999998
11,04	-0,415	-0,008	-0,3975	0,387734999999997
11,06	-0,42	-0,0105	-0,4	0,379759999999998
11,08	-0,43	-0,0115	-0,415	0,371609999999998
11,1	-0,44	-0,013	-0,4265	0,363194999999998
11,12	-0,445	-0,0145	-0,428	0,354649999999997
11,14	-0,455	-0,016	-0,4345	0,346024999999998
11,16	-0,46	-0,017	-0,4315	0,337364999999998
11,18	-0,47	-0,0185	-0,43	0,328749999999998
11,2	-0,48	-0,0195	-0,442	0,320029999999997
11,22	-0,485	-0,021	-0,452	0,311089999999997
11,24	-0,495	-0,022	-0,4565	0,302004999999998
11,26	-0,5	-0,023	-0,458	0,292859999999998
11,28	-0,51	-0,0245	-0,454	0,283739999999998
11,3	-0,52	-0,026	-0,461	0,274589999999997
11,32	-0,525	-0,027	-0,4655	0,265324999999998
11,34	-0,535	-0,028	-0,472	0,255949999999998
11,36	-0,54	-0,0295	-0,4785	0,246444999999998
11,38	-0,55	-0,031	-0,49	0,236759999999997
11,4	-0,56	-0,032	-0,498	0,226879999999998
11,42	-0,565	-0,033	-0,502	0,216879999999998
11,44	-0,575	-0,0345	-0,508	0,206779999999998
11,46	-0,58	-0,0355	-0,5075	0,196624999999997
11,48	-0,59	-0,037	-0,512	0,186429999999998
11,5	-0,6	-0,038	-0,51	0,176209999999998
11,52	-0,605	-0,0395	-0,5165	0,165944999999998
11,54	-0,615	-0,0405	-0,5325	0,155454999999997
11,56	-0,62	-0,042	-0,522	0,144909999999998
11,58	-0,63	-0,043	-0,529	0,134399999999998
11,6	-0,64	-0,0445	-0,541	0,123699999999998
11,62	-0,645	-0,0455	-0,5475	0,112814999999997
11,64	-0,655	-0,0465	-0,554	0,101799999999997
11,66	-0,66	-0,048	-0,5555	0,0907049999999977
11,68	-0,67	-0,049	-0,551	0,079639999999998
11,7	-0,68	-0,0505	-0,5605	0,0685249999999972
11,72	-0,685	-0,052	-0,5605	0,0573149999999975
11,74	-0,695	-0,053	-0,566	0,0460499999999977
11,76	-0,7	-0,0545	-0,5735	0,0346549999999979
11,78	-0,71	-0,056	-0,5885	0,0230349999999982
11,8	-0,72	-0,057	-0,5925	0,0112249999999974
11,82	-0,725	-0,0585	-0,5855	-0,000555000000002361
11,84	-0,735	-0,06	-0,588	-0,0122900000000021
11,86	-0,74	-0,062	-0,5965	-0,0241350000000019
11,88	-0,75	-0,063	-0,6075	-0,0361750000000027
11,9	-0,76	-0,065	-0,6145	-0,0483950000000024
11,92	-0,765	-0,0665	-0,616	-0,0607000000000021
11,94	-0,775	-0,068	-0,6245	-0,0731050000000019
11,96	-0,78	-0,0695	-0,624	-0,0855900000000027
11,98	-0,79	-0,0715	-0,6305	-0,0981350000000025
12	-0,8	-0,073	-0,6365	-0,110805000000002
12,02	-0,805	-0,075	-0,636	-0,123530000000002
12,04	-0,815	-0,077	-0,642	-0,136310000000003
12,06	-0,82	-0,0785	-0,6385	-0,149115000000003
12,08	-0,83	-0,0805	-0,642	-0,161920000000002
12,1	-0,84	-0,0825	-0,648	-0,174820000000002
12,12	-0,845	-0,085	-0,6445	-0,187745000000003
12,14	-0,855	-0,0865	-0,652	-0,200710000000003
12,16	-0,86	-0,089	-0,6465	-0,213695000000002
12,18	-0,87	-0,091	-0,658	-0,226740000000002
12,2	-0,88	-0,0935	-0,656	-0,239880000000003
12,22	-0,885	-0,0955	-0,652	-0,252960000000003
12,24	-0,895	-0,0975	-0,6565	-0,266045000000002
12,26	-0,9	-0,1	-0,656	-0,279170000000002
12,28	-0,91	-0,103	-0,6595	-0,292325000000003
12,3	-0,92	-0,1055	-0,6625	-0,305545000000003
12,32	-0,925	-0,108	-0,664	-0,318810000000002
12,34	-0,935	-0,11	-0,6655	-0,332105000000002
12,36	-0,94	-0,113	-0,6685	-0,345445000000002
12,38	-0,95	-0,116	-0,6685	-0,358815000000003
12,4	-0,96	-0,1185	-0,676	-0,372260000000002
12,42	-0,965	-0,1215	-0,6765	-0,385785000000002
12,44	-0,975	-0,1245	-0,6785	-0,399335000000002
12,46	-0,98	-0,1275	-0,6715	-0,412835000000003
12,48	-0,99	-0,1305	-0,674	-0,426290000000003
12,5	-1	-0,134	-0,6765	-0,439795000000002
12,52	-1,005	-0,137	-0,6735	-0,453295000000002
12,54	-1,015	-0,141	-0,6795	-0,466825000000003
12,56	-1,02	-0,144	-0,6795	-0,480415000000003
12,58	-1,03	-0,1475	-0,675	-0,493960000000002
12,6	-1,04	-0,151	-0,6765	-0,507475000000002
12,62	-1,045	-0,155	-0,6675	-0,520915000000003
12,64	-1,055	-0,159	-0,672	-0,534310000000003
12,66	-1,06	-0,1635	-0,6685	-0,547715000000002
12,68	-1,07	-0,1675	-0,669	-0,561090000000002
12,7	-1,08	-0,172	-0,672	-0,574500000000003
12,72	-1,085	-0,1765	-0,6635	-0,587855000000003
12,74	-1,095	-0,1815	-0,6595	-0,601085000000002
12,76	-1,1	-0,186	-0,6515	-0,614195000000002
12,78	-1,11	-0,1915	-0,6425	-0,627135000000003
12,8	-1,12	-0,1965	-0,637	-0,639930000000003
12,82	-1,125	-0,202	-0,629	-0,652590000000002
12,84	-1,135	-0,208	-0,625	-0,665130000000002
12,86	-1,14	-0,214	-0,6155	-0,677535000000002
12,88	-1,15	-0,22	-0,6145	-0,689835000000003
12,9	-1,16	-0,2265	-0,611	-0,702090000000003
12,92	-1,165	-0,233	-0,6	-0,714200000000002
12,94	-1,175	-0,24	-0,595	-0,726150000000002
12,96	-1,18	-0,2475	-0,582	-0,737920000000003
12,98	-1,19	-0,255	-0,567	-0,749410000000003
13	-1,2	-0,263	-0,557	-0,760650000000002
13,02	-1,205	-0,271	-0,5405	-0,771625000000002
13,04	-1,215	-0,279	-0,5305	-0,782335000000003
13,06	-1,22	-0,288	-0,515	-0,792790000000003
13,08	-1,23	-0,297	-0,501	-0,802950000000003
13,1	-1,24	-0,306	-0,4925	-0,812885000000002
13,12	-1,245	-0,3155	-0,474	-0,822550000000003
13,14	-1,255	-0,325	-0,4575	-0,831865000000003
13,16	-1,26	-0,335	-0,4385	-0,840825000000003
13,18	-1,27	-0,345	-0,424	-0,849450000000003
13,2	-1,28	-0,3555	-0,4085	-0,857775000000003
13,22	-1,285	-0,366	-0,388	-0,865740000000003
13,24	-1,295	-0,3765	-0,373	-0,873350000000003
13,26	-1,3	-0,387	-0,353	-0,880610000000003
13,28	-1,31	-0,398	-0,3375	-0,887515000000003
13,3	-1,32	-0,4085	-0,323	-0,894120000000003
13,32	-1,325	-0,419	-0,3115	-0,900465000000003
13,34	-1,335	-0,4295	-0,2895	-0,906475000000003
13,36	-1,34	-0,4395	-0,271	-0,912080000000002
13,38	-1,35	-0,4495	-0,262	-0,917410000000003
13,4	-1,36	-0,46	-0,2505	-0,922535000000003
13,42	-1,365	-0,4695	-0,237	-0,927410000000003
13,44	-1,375	-0,4785	-0,2255	-0,932035000000003
13,46	-1,38	-0,488	-0,2115	-0,936405000000003
13,48	-1,39	-0,497	-0,201	-0,940530000000003
13,5	-1,4	-0,5055	-0,192	-0,944460000000003
13,52	-1,405	-0,5145	-0,1815	-0,948195000000003
13,54	-1,415	-0,5225	-0,1715	-0,951725000000003
13,56	-1,42	-0,53	-0,16	-0,955040000000003
13,58	-1,43	-0,5375	-0,15	-0,958140000000003
13,6	-1,44	-0,545	-0,1435	-0,961075000000003
13,62	-1,445	-0,552	-0,129	-0,963800000000003
13,64	-1,455	-0,5585	-0,122	-0,966310000000003
13,66	-1,46	-0,5655	-0,115	-0,968680000000003
13,68	-1,47	-0,5715	-0,109	-0,970920000000003
13,7	-1,48	-0,5775	-0,1055	-0,973065000000003
13,72	-1,485	-0,5835	-0,099	-0,975110000000003
13,74	-1,495	-0,589	-0,095	-0,977050000000003
13,76	-1,5	-0,5945	-0,0875	-0,978875000000003
13,78	-1,51	-0,6	-0,0855	-0,980605000000003
13,8	-1,52	-0,6055	-0,084	-0,982300000000003
13,82	-1,525	-0,61	-0,0785	-0,983925000000003
13,84	-1,535	-0,615	-0,0755	-0,985465000000003
13,86	-1,54	-0,62	-0,0715	-0,986935000000003
13,88	-1,55	-0,6245	-0,07	-0,988350000000003
13,9	-1,56	-0,629	-0,07	-0,989750000000003
13,92	-1,565	-0,634	-0,0705	-0,991155000000003
13,94	-1,575	-0,638	-0,068	-0,992540000000003
13,96	-1,58	-0,6425	-0,0675	-0,993895000000003
13,98	-1,59	-0,6465	-0,063	-0,995200000000003
14	-1,6	-0,651	-0,0615	-0,996445000000003
14,02	-1,605	-0,655	-0,055	-0,997610000000003
14,04	-1,615	-0,659	-0,0575	-0,998735000000003
14,06	-1,62	-0,663	-0,0565	-0,999875000000003
14,08	-1,63	-0,6665	-0,06	-1,00104
14,1	-1,64	-0,6705	-0,064	-1,00228
14,12	-1,645	-0,6745	-0,055	-1,00347
14,14	-1,655	-0,6785	-0,0505	-1,004525
14,16	-1,66	-0,6825	-0,057	-1,0056
14,18	-1,67	-0,6865	-0,06	-1,00677
14,2	-1,68	-0,69	-0,056	-1,00793
14,22	-1,685	-0,694	-0,0545	-1,009035
14,24	-1,695	-0,6975	-0,0505	-1,010085
14,26	-1,7	-0,701	-0,052	-1,01111
14,28	-1,71	-0,705	-0,052	-1,01215
14,3	-1,72	-0,7085	-0,0515	-1,013185
14,32	-1,725	-0,7125	-0,044	-1,01414
14,34	-1,735	-0,716	-0,046	-1,01504
14,36	-1,74	-0,72	-0,046	-1,01596
14,38	-1,75	-0,7235	-0,047	-1,01689
14,4	-1,76	-0,7275	-0,048	-1,01784
14,42	-1,765	-0,731	-0,0465	-1,018785
14,44	-1,775	-0,7345	-0,049	-1,01974
14,46	-1,78	-0,7385	-0,044	-1,02067
14,48	-1,79	-0,742	-0,0495	-1,021605
14,5	-1,8	-0,746	-0,0525	-1,022625
14,52	-1,805	-0,7495	-0,047	-1,02362
14,54	-1,815	-0,753	-0,044	-1,02453
14,56	-1,82	-0,757	-0,0385	-1,025355
14,58	-1,83	-0,7605	-0,0465	-1,026205
14,6	-1,84	-0,764	-0,0435	-1,027105
14,62	-1,845	-0,768	-0,0475	-1,028015
14,64	-1,855	-0,7715	-0,048	-1,02897
14,66	-1,86	-0,775	-0,0455	-1,029905
14,68	-1,87	-0,779	-0,046	-1,03082
14,7	-1,88	-0,7825	-0,0475	-1,031755
14,72	-1,885	-0,786	-0,046	-1,03269
14,74	-1,895	-0,79	-0,0465	-1,033615
14,76	-1,9	-0,7935	-0,0435	-1,034515
14,78	-1,91	-0,797	-0,045	-1,0354
14,8	-1,92	-0,801	-0,045	-1,0363
14,82	-1,925	-0,804	-0,0425	-1,037175
14,84	-1,935	-0,8075	-0,044	-1,03804
14,86	-1,94	-0,811	-0,041	-1,03889
14,88	-1,95	-0,8145	-0,041	-1,03971
14,9	-1,96	-0,818	-0,0425	-1,040545
14,92	-1,965	-0,822	-0,037	-1,04134
14,94	-1,975	-0,825	-0,042	-1,04213
14,96	-1,98	-0,829	-0,0345	-1,042895
14,98	-1,99	-0,8325	-0,0315	-1,043555
15	-2	-0,836	-0,0345	-1,044215
15,02	-1,995	-0,839	-0,025	-1,04481
15,04	-1,985	-0,8415	-0,011	-1,04517
15,06	-1,98	-0,843	-0,006	-1,04534
15,08	-1,97	-0,8435	0,003	-1,04537
15,1	-1,96	-0,843	0,0085	-1,045255
15,12	-1,955	-0,842	0,0055	-1,045115
15,14	-1,945	-0,84	0,003	-1,04503
15,16	-1,94	-0,8375	0,003	-1,04497
15,18	-1,93	-0,8345	0,013	-1,04481
15,2	-1,92	-0,832	0,015	-1,04453
15,22	-1,915	-0,829	0,0075	-1,044305
15,24	-1,905	-0,826	0,006	-1,04417
15,26	-1,9	-0,823	0,0105	-1,044005
15,28	-1,89	-0,82	0,0175	-1,043725
15,3	-1,88	-0,8165	0,0185	-1,043365
15,32	-1,875	-0,813	0,018	-1,043
15,34	-1,865	-0,8105	0,0185	-1,042635
15,36	-1,86	-0,807	0,0165	-1,042285
15,38	-1,85	-0,8035	0,0135	-1,041985
15,4	-1,84	-0,8	0,017	-1,04168
15,42	-1,835	-0,7965	0,0125	-1,041385
15,44	-1,825	-0,7935	0,0175	-1,041085
15,46	-1,82	-0,79	0,016	-1,04075
15,48	-1,81	-0,7865	0,019	-1,0404
15,5	-1,8	-0,7835	0,018	-1,04003
15,52	-1,795	-0,78	0,0165	-1,039685
15,54	-1,785	-0,7765	0,0185	-1,039335
15,56	-1,78	-0,7735	0,017	-1,03898
15,58	-1,77	-0,77	0,017	-1,03864
15,6	-1,76	-0,7665	0,016	-1,03831
15,62	-1,755	-0,763	0,014	-1,03801
15,64	-1,745	-0,7595	0,0145	-1,037725
15,66	-1,74	-0,756	0,0145	-1,037435
15,68	-1,73	-0,753	0,0185	-1,037105
15,7	-1,72	-0,7495	0,018	-1,03674
15,72	-1,715	-0,7465	0,0215	-1,036345
15,74	-1,705	-0,7425	0,0235	-1,035895
15,76	-1,7	-0,739	0,022	-1,03544
15,78	-1,69	-0,736	0,0235	-1,034985
15,8	-1,68	-0,7325	0,0225	-1,034525
15,82	-1,675	-0,7295	0,021	-1,03409
15,84	-1,665	-0,7255	0,0225	-1,033655
15,86	-1,66	-0,722	0,021	-1,03322
15,88	-1,65	-0,719	0,0195	-1,032815
15,9	-1,64	-0,7155	0,0185	-1,032435
15,92	-1,635	-0,712	0,0155	-1,032095
15,94	-1,625	-0,7085	0,0215	-1,031725
15,96	-1,62	-0,705	0,0195	-1,031315
15,98	-1,61	-0,702	0,0235	-1,030885
16	-1,6	-0,6985	0,0175	-1,030475
16,02	-1,595	-0,6955	0,0145	-1,030155
16,04	-1,585	-0,692	0,018	-1,02983
16,06	-1,58	-0,689	0,0155	-1,029495
16,08	-1,57	-0,6855	0,02	-1,02914
16,1	-1,56	-0,6825	0,0205	-1,028735
16,12	-1,555	-0,679	0,018	-1,02835
16,14	-1,545	-0,676	0,02	-1,02797
16,16	-1,54	-0,6725	0,0195	-1,027575
16,18	-1,53	-0,669	0,0175	-1,027205
16,2	-1,52	-0,666	0,018	-1,02685
16,22	-1,515	-0,6625	0,0205	-1,026465
16,24	-1,505	-0,6595	0,0195	-1,026065
16,26	-1,5	-0,656	0,0185	-1,025685
16,28	-1,49	-0,6525	0,0215	-1,025285
16,3	-1,48	-0,6495	0,0215	-1,024855
16,32	-1,475	-0,646	0,0225	-1,024415
16,34	-1,465	-0,643	0,0245	-1,023945
16,36	-1,46	-0,6395	0,0215	-1,023485
16,38	-1,45	-0,636	0,028	-1,02299
16,4	-1,44	-0,6325	0,0255	-1,022455
16,42	-1,435	-0,6295	0,0215	-1,021985
16,44	-1,425	-0,626	0,0225	-1,021545
16,46	-1,42	-0,6225	0,0195	-1,021125
16,48	-1,41	-0,6195	0,022	-1,02071
16,5	-1,4	-0,616	0,0225	-1,020265
16,52	-1,395	-0,613	0,0215	-1,019825
16,54	-1,385	-0,6095	0,0245	-1,019365
16,56	-1,38	-0,6065	0,03	-1,01882
16,58	-1,37	-0,603	0,0335	-1,018185
16,6	-1,36	-0,5995	0,035	-1,0175
16,62	-1,355	-0,5965	0,032	-1,01683
16,64	-1,345	-0,5935	0,0355	-1,016155
16,66	-1,34	-0,59	0,033	-1,01547
16,68	-1,33	-0,5865	0,0345	-1,014795
16,7	-1,32	-0,5835	0,037	-1,01408
16,72	-1,315	-0,58	0,035	-1,01336
16,74	-1,305	-0,577	0,033	-1,01268
16,76	-1,3	-0,5735	0,0325	-1,012025
16,78	-1,29	-0,5705	0,035	-1,01135
16,8	-1,28	-0,567	0,0365	-1,010635
16,82	-1,275	-0,564	0,0355	-1,009915
16,84	-1,265	-0,561	0,0375	-1,009185
16,86	-1,26	-0,558	0,034	-1,00847
16,88	-1,25	-0,5545	0,0315	-1,007815
16,9	-1,24	-0,5515	0,0305	-1,007195
16,92	-1,235	-0,5485	0,029	-1,0066
16,94	-1,225	-0,545	0,029	-1,00602
16,96	-1,22	-0,542	0,0325	-1,005405
16,98	-1,21	-0,5385	0,0395	-1,004685
17	-1,2	-0,5355	0,0415	-1,003875
17,02	-1,195	-0,532	0,0395	-1,003065
17,04	-1,185	-0,529	0,041	-1,00226
17,06	-1,18	-0,5255	0,0395	-1,001455
17,08	-1,17	-0,5225	0,04	-1,00066
17,1	-1,16	-0,519	0,0425	-0,999835000000002
17,12	-1,155	-0,516	0,0365	-0,999045000000002
17,14	-1,145	-0,513	0,039	-0,998290000000002
17,16	-1,14	-0,509	0,0405	-0,997495000000002
17,18	-1,13	-0,506	0,0435	-0,996655000000003
17,2	-1,12	-0,5025	0,045	-0,995770000000002
17,22	-1,115	-0,4995	0,0425	-0,994895000000003
17,24	-1,105	-0,496	0,039	-0,994080000000002
17,26	-1,1	-0,493	0,034	-0,993350000000002
17,28	-1,09	-0,49	0,042	-0,992590000000002
17,3	-1,08	-0,487	0,043	-0,991740000000002
17,32	-1,075	-0,4835	0,044	-0,990870000000002
17,34	-1,065	-0,48	0,047	-0,989960000000003
17,36	-1,06	-0,477	0,0445	-0,989045000000003
17,38	-1,05	-0,474	0,0465	-0,988135000000003
17,4	-1,04	-0,4705	0,048	-0,987190000000002
17,42	-1,035	-0,467	0,0435	-0,986275000000002
17,44	-1,025	-0,464	0,047	-0,985370000000002
17,46	-1,02	-0,4605	0,0455	-0,984445000000002
17,48	-1,01	-0,4575	0,0435	-0,983555000000003
17,5	-1	-0,4545	0,044	-0,982680000000003
17,52	-0,995	-0,451	0,039	-0,981850000000003
17,54	-0,985	-0,448	0,042	-0,981040000000003
17,56	-0,98	-0,4445	0,0395	-0,980225000000003
17,58	-0,97	-0,441	0,0425	-0,979405000000002
17,6	-0,96	-0,438	0,042	-0,978560000000002
17,62	-0,955	-0,435	0,042	-0,977720000000002
17,64	-0,945	-0,432	0,0475	-0,976825000000003
17,66	-0,94	-0,429	0,046	-0,975890000000002
17,68	-0,93	-0,4255	0,049	-0,974940000000002
17,7	-0,92	-0,4225	0,055	-0,973900000000003
17,72	-0,915	-0,419	0,0535	-0,972815000000003
17,74	-0,905	-0,416	0,0555	-0,971725000000002
17,76	-0,9	-0,413	0,0535	-0,970635000000002
17,78	-0,89	-0,4095	0,0545	-0,969555000000003
17,8	-0,88	-0,4065	0,0555	-0,968455000000003
17,82	-0,875	-0,4035	0,0505	-0,967395000000003
17,84	-0,865	-0,4	0,0495	-0,966395000000003
17,86	-0,86	-0,397	0,0485	-0,965415000000003
17,88	-0,85	-0,394	0,048	-0,964450000000003
17,9	-0,84	-0,3905	0,053	-0,963440000000002
17,92	-0,835	-0,3875	0,051	-0,962400000000002
17,94	-0,825	-0,3845	0,0535	-0,961355000000003
17,96	-0,82	-0,381	0,053	-0,960290000000003
17,98	-0,81	-0,3775	0,056	-0,959200000000003
18	-0,8	-0,3745	0,0645	-0,957995000000003
18,02	-0,795	-0,371	0,057	-0,956780000000003
18,04	-0,785	-0,368	0,061	-0,955600000000003
18,06	-0,78	-0,365	0,055	-0,954440000000003
18,08	-0,77	-0,362	0,057	-0,953320000000003
18,1	-0,76	-0,3585	0,0565	-0,952185000000003
18,12	-0,755	-0,3555	0,054	-0,951080000000003
18,14	-0,745	-0,3525	0,0575	-0,949965000000003
18,16	-0,74	-0,349	0,054	-0,948850000000003
18,18	-0,73	-0,346	0,057	-0,947740000000003
18,2	-0,72	-0,343	0,0575	-0,946595000000003
18,22	-0,715	-0,34	0,0575	-0,945445000000003
18,24	-0,705	-0,3365	0,059	-0,944280000000003
18,26	-0,7	-0,3335	0,061	-0,943080000000003
18,28	-0,69	-0,3305	0,0625	-0,941845000000003
18,3	-0,68	-0,3275	0,062	-0,940600000000003
18,32	-0,675	-0,3245	0,0595	-0,939385000000003
18,34	-0,665	-0,321	0,0625	-0,938165000000003
18,36	-0,66	-0,318	0,0605	-0,936935000000003
18,38	-0,65	-0,315	0,0645	-0,935685000000003
18,4	-0,64	-0,312	0,065	-0,934390000000003
18,42	-0,635	-0,309	0,0615	-0,933125000000003
18,44	-0,625	-0,306	0,064	-0,931870000000003
18,46	-0,62	-0,3025	0,063	-0,930600000000003
18,48	-0,61	-0,3	0,0655	-0,929315000000003
18,5	-0,6	-0,297	0,068	-0,927980000000003
18,52	-0,595	-0,2935	0,0655	-0,926645000000003
18,54	-0,585	-0,2905	0,069	-0,925300000000003
18,56	-0,58	-0,2875	0,0775	-0,923835000000003
18,58	-0,57	-0,285	0,0805	-0,922255000000003
18,6	-0,56	-0,2815	0,082	-0,920630000000003
18,62	-0,555	-0,2785	0,078	-0,919030000000003
18,64	-0,545	-0,276	0,0805	-0,917445000000003
18,66	-0,54	-0,2725	0,0785	-0,915855000000003
18,68	-0,53	-0,27	0,0805	-0,914265000000003
18,7	-0,52	-0,267	0,0835	-0,912625000000003
18,72	-0,515	-0,2635	0,084	-0,910950000000003
18,74	-0,505	-0,2605	0,0855	-0,909255000000003
18,76	-0,5	-0,258	0,0775	-0,907625000000003
18,78	-0,49	-0,255	0,083	-0,906020000000003
18,8	-0,48	-0,2515	0,0845	-0,904345000000003
18,82	-0,475	-0,249	0,0785	-0,902715000000003
18,84	-0,465	-0,246	0,0815	-0,901115000000003
18,86	-0,46	-0,243	0,0805	-0,899495000000003
18,88	-0,45	-0,24	0,082	-0,897870000000003
18,9	-0,44	-0,237	0,085	-0,896200000000002
18,92	-0,435	-0,2345	0,085	-0,894500000000003
18,94	-0,425	-0,231	0,0875	-0,892775000000003
18,96	-0,42	-0,2285	0,0875	-0,891025000000003
18,98	-0,41	-0,2255	0,095	-0,889200000000003
19	-0,4	-0,2225	0,102	-0,887230000000003
19,02	-0,395	-0,22	0,1	-0,885210000000003
19,04	-0,385	-0,217	0,1035	-0,883175000000003
19,06	-0,38	-0,214	0,1015	-0,881125000000003
19,08	-0,37	-0,2115	0,1045	-0,879065000000003
19,1	-0,36	-0,2085	0,1065	-0,876955000000003
19,12	-0,355	-0,2055	0,1045	-0,874845000000003
19,14	-0,345	-0,203	0,1015	-0,872785000000003
19,16	-0,34	-0,2	0,0975	-0,870795000000003
19,18	-0,33	-0,197	0,1035	-0,868785000000003
19,2	-0,32	-0,1945	0,104	-0,866710000000003
19,22	-0,315	-0,1915	0,106	-0,864610000000003
19,24	-0,305	-0,189	0,1155	-0,862395000000003
19,26	-0,3	-0,1865	0,112	-0,860120000000003
19,28	-0,29	-0,1835	0,109	-0,857910000000003
19,3	-0,28	-0,181	0,109	-0,855730000000003
19,32	-0,275	-0,178	0,1095	-0,853545000000003
19,34	-0,265	-0,1755	0,1205	-0,851245000000003
19,36	-0,26	-0,173	0,122	-0,848820000000003
19,38	-0,25	-0,17	0,127	-0,846330000000003
19,4	-0,24	-0,1675	0,1275	-0,843785000000003
19,42	-0,235	-0,1645	0,1285	-0,841225000000003
19,44	-0,225	-0,162	0,1315	-0,838625000000003
19,46	-0,22	-0,1595	0,1325	-0,835985000000003
19,48	-0,21	-0,157	0,137	-0,833290000000003
19,5	-0,2	-0,1545	0,1385	-0,830535000000003
19,52	-0,195	-0,1515	0,1415	-0,827735000000003
19,54	-0,185	-0,149	0,1395	-0,824925000000003
19,56	-0,18	-0,1465	0,134	-0,822190000000003
19,58	-0,17	-0,144	0,1365	-0,819485000000003
19,6	-0,16	-0,1415	0,142	-0,816700000000003
19,62	-0,155	-0,139	0,139	-0,813890000000003
19,64	-0,145	-0,1365	0,149	-0,811010000000003
19,66	-0,14	-0,134	0,143	-0,808090000000003
19,68	-0,13	-0,1315	0,1485	-0,805175000000003
19,7	-0,12	-0,129	0,1545	-0,802145000000003
19,72	-0,115	-0,126	0,1605	-0,798995000000003
19,74	-0,105	-0,124	0,167	-0,795720000000003
19,76	-0,1	-0,1215	0,1635	-0,792415000000003
19,78	-0,09	-0,119	0,1665	-0,789115000000003
19,8	-0,08	-0,1165	0,172	-0,785730000000003
19,82	-0,075	-0,1145	0,166	-0,782350000000003
19,84	-0,065	-0,112	0,168	-0,779010000000003
19,86	-0,06	-0,1095	0,169	-0,775640000000003
19,88	-0,05	-0,1075	0,174	-0,772210000000003
19,9	-0,04	-0,105	0,1775	-0,768695000000002
19,92	-0,035	-0,1025	0,1795	-0,765125000000003
19,94	-0,025	-0,1	0,19	-0,761430000000003
19,96	-0,02	-0,098	0,1915	-0,757615000000003
19,98	-0,01	-0,0955	0,1975	-0,753725000000003
20	0	-0,0935	0,194	-0,749810000000003
20,02	0,005	-0,0915	0,19	-0,745970000000003
20,04	0,015	-0,089	0,1925	-0,742145000000003
20,06	0,02	-0,087	0,1945	-0,738275000000003
20,08	0,03	-0,0845	0,2035	-0,734295000000002
20,1	0,04	-0,0825	0,209	-0,730170000000002
20,12	0,045	-0,0805	0,2105	-0,725975000000002
20,14	0,055	-0,078	0,218	-0,721690000000003
20,16	0,06	-0,076	0,2155	-0,717355000000003
20,18	0,07	-0,074	0,2235	-0,712965000000003
20,2	0,08	-0,072	0,228	-0,708450000000003
20,22	0,085	-0,0695	0,227	-0,703900000000003
20,24	0,095	-0,0675	0,231	-0,699320000000002
20,26	0,1	-0,0655	0,234	-0,694670000000002
20,28	0,11	-0,0635	0,2385	-0,689945000000002
20,3	0,12	-0,0615	0,242	-0,685140000000003
20,32	0,125	-0,0595	0,24	-0,680320000000003
20,34	0,135	-0,0575	0,246	-0,675460000000003
20,36	0,14	-0,0555	0,242	-0,670580000000003
20,38	0,15	-0,053	0,2495	-0,665665000000003
20,4	0,16	-0,0515	0,2495	-0,660675000000002
20,42	0,165	-0,0495	0,2505	-0,655675000000002
20,44	0,175	-0,0475	0,257	-0,650600000000002
20,46	0,18	-0,0455	0,2605	-0,645425000000002
20,48	0,19	-0,0435	0,2705	-0,640115000000002
20,5	0,2	-0,042	0,27	-0,634710000000003
20,52	0,205	-0,04	0,2715	-0,629295000000003
20,54	0,215	-0,038	0,2855	-0,623725000000003
20,56	0,22	-0,036	0,287	-0,618000000000003
20,58	0,23	-0,034	0,293	-0,612200000000002
20,6	0,24	-0,0325	0,2975	-0,606295000000002
20,62	0,245	-0,0305	0,295	-0,600370000000002
20,64	0,255	-0,0285	0,3045	-0,594375000000003
20,66	0,26	-0,027	0,3055	-0,588275000000003
20,68	0,27	-0,025	0,3055	-0,582165000000003
20,7	0,28	-0,0235	0,3085	-0,576025000000003
20,72	0,285	-0,0215	0,309	-0,569850000000003
20,74	0,295	-0,02	0,324	-0,563520000000002
20,76	0,3	-0,018	0,3225	-0,557055000000002
20,78	0,31	-0,0165	0,326	-0,550570000000002
20,8	0,32	-0,0145	0,328	-0,544030000000003
20,82	0,325	-0,013	0,331	-0,537440000000003
20,84	0,335	-0,0115	0,342	-0,530710000000003
20,86	0,34	-0,01	0,335	-0,523940000000003
20,88	0,35	-0,007	0,3415	-0,517175000000003
20,9	0,36	-0,007	0,347	-0,510290000000002
20,92	0,365	-0,004	0,354	-0,503280000000002
20,94	0,375	-0,004	0,36	-0,496140000000002
20,96	0,38	-0,002	0,3585	-0,488955000000002
20,98	0,39	-0,001	0,3635	-0,481735000000003
21	0,4	0,001	0,368	-0,474420000000003
21,02	0,405	0,002	0,3695	-0,467045000000003
21,04	0,415	0,004	0,3775	-0,459575000000003
21,06	0,42	0,005	0,3795	-0,452005000000003
21,08	0,43	0,0065	0,384	-0,444370000000002
21,1	0,44	0,008	0,3945	-0,436585000000002
21,12	0,445	0,0095	0,3945	-0,428695000000002
21,14	0,455	0,011	0,403	-0,420720000000003
21,16	0,46	0,012	0,402	-0,412670000000003
21,18	0,47	0,0135	0,412	-0,404530000000003
21,2	0,48	0,0145	0,4175	-0,396235000000003
21,22	0,485	0,016	0,4235	-0,387825000000003
21,24	0,495	0,0175	0,428	-0,379310000000002
21,26	0,5	0,0185	0,434	-0,370690000000002
21,28	0,51	0,02	0,444	-0,361910000000002
21,3	0,52	0,021	0,4485	-0,352985000000003
21,32	0,525	0,0225	0,4455	-0,344045000000003
21,34	0,535	0,0235	0,4535	-0,335055000000003
21,36	0,54	0,025	0,4555	-0,325965000000003
21,38	0,55	0,0265	0,465	-0,316760000000003
21,4	0,56	0,0275	0,471	-0,307400000000002
21,42	0,565	0,0285	0,4815	-0,297875000000002
21,44	0,575	0,03	0,4875	-0,288185000000002
21,46	0,58	0,031	0,491	-0,278400000000002
21,48	0,59	0,0325	0,4975	-0,268515000000003
21,5	0,6	0,0335	0,5035	-0,258505000000003
21,52	0,605	0,0345	0,503	-0,248440000000003
21,54	0,615	0,036	0,51	-0,238310000000003
21,56	0,62	0,037	0,5035	-0,228175000000003
21,58	0,63	0,0385	0,513	-0,218010000000002
21,6	0,64	0,0395	0,5245	-0,207635000000002
21,62	0,645	0,0405	0,5295	-0,197095000000002
21,64	0,655	0,042	0,5365	-0,186435000000003
21,66	0,66	0,043	0,54	-0,175670000000003
21,68	0,67	0,0445	0,547	-0,164800000000003
21,7	0,68	0,0455	0,5545	-0,153785000000003
21,72	0,685	0,047	0,556	-0,142680000000003
21,74	0,695	0,048	0,564	-0,131480000000002
21,76	0,7	0,049	0,5635	-0,120205000000002
21,78	0,71	0,0505	0,568	-0,108890000000002
21,8	0,72	0,052	0,5715	-0,0974950000000024
21,82	0,725	0,053	0,57	-0,0860800000000027
21,84	0,735	0,0545	0,5825	-0,0745550000000029
21,86	0,74	0,0555	0,585	-0,0628800000000032
21,88	0,75	0,057	0,595	-0,0510800000000034
21,9	0,76	0,0585	0,603	-0,0391000000000016
21,92	0,765	0,06	0,6035	-0,0270350000000018
21,94	0,775	0,0615	0,6105	-0,0148950000000021
21,96	0,78	0,063	0,612	-0,00267000000000233
21,98	0,79	0,0645	0,617	0,00961999999999741
22	0,8	0,066	0,624	0,0220299999999971
22,02	0,805	0,0675	0,6265	0,0345349999999969
22,04	0,815	0,0695	0,628	0,0470799999999966
22,06	0,82	0,071	0,6215	0,0595749999999963
22,08	0,83	0,0725	0,6245	0,0720349999999983
22,1	0,84	0,0745	0,6315	0,084594999999998
22,12	0,845	0,076	0,6305	0,0972149999999978
22,14	0,855	0,078	0,637	0,109889999999997
22,16	0,86	0,08	0,6405	0,122664999999997
22,18	0,87	0,082	0,652	0,135589999999997
22,2	0,88	0,0835	0,662	0,148729999999997
22,22	0,885	0,086	0,6595	0,161944999999996
22,24	0,895	0,088	0,662	0,175159999999998
22,26	0,9	0,0905	0,663	0,188409999999998
22,28	0,91	0,0925	0,659	0,201629999999998
22,3	0,92	0,0945	0,6645	0,214864999999998
22,32	0,925	0,097	0,669	0,228199999999997
22,34	0,935	0,099	0,673	0,241619999999997
22,36	0,94	0,1015	0,675	0,255099999999997
22,38	0,95	0,1045	0,678	0,268629999999996
22,4	0,96	0,1065	0,6775	0,282184999999999
22,42	0,965	0,109	0,6765	0,295724999999998
22,44	0,975	0,112	0,6745	0,309234999999998
22,46	0,98	0,1145	0,6765	0,322744999999998
22,48	0,99	0,1175	0,676	0,336269999999997
22,5	1	0,12	0,6805	0,349834999999997
22,52	1,005	0,123	0,677	0,363409999999997
22,54	1,015	0,126	0,6795	0,376974999999997
22,56	1,02	0,1295	0,678	0,390549999999996
22,58	1,03	0,1325	0,6785	0,404114999999998
22,6	1,04	0,136	0,6835	0,417734999999998
22,62	1,045	0,139	0,679	0,431359999999998
22,64	1,055	0,1425	0,6815	0,444964999999998
22,66	1,06	0,146	0,6785	0,458564999999997
22,68	1,07	0,15	0,679	0,472139999999997
22,7	1,08	0,154	0,6785	0,485714999999997
22,72	1,085	0,158	0,674	0,499239999999996
22,74	1,095	0,162	0,678	0,512759999999999
22,76	1,1	0,166	0,6745	0,526284999999998
22,78	1,11	0,1705	0,6785	0,539814999999998
22,8	1,12	0,175	0,674	0,553339999999998
22,82	1,125	0,18	0,6645	0,566724999999997
22,84	1,135	0,185	0,66	0,579969999999997
22,86	1,14	0,19	0,661	0,593179999999997
22,88	1,15	0,1955	0,659	0,606379999999997
22,9	1,16	0,201	0,65	0,619469999999999
22,92	1,165	0,207	0,641	0,632379999999998
22,94	1,175	0,213	0,6385	0,645174999999998
22,96	1,18	0,2195	0,6265	0,657824999999998
22,98	1,19	0,226	0,6195	0,670284999999998
23	1,2	0,233	0,6155	0,682634999999997
23,02	1,205	0,24	0,603	0,694819999999997
23,04	1,215	0,2475	0,593	0,706779999999997
23,06	1,22	0,2555	0,5745	0,718454999999997
23,08	1,23	0,2635	0,5665	0,729864999999998
23,1	1,24	0,272	0,551	0,741039999999998
23,12	1,245	0,281	0,533	0,751879999999998
23,14	1,255	0,29	0,5245	0,762454999999998
23,16	1,26	0,299	0,517	0,772869999999997
23,18	1,27	0,3085	0,4995	0,783034999999997
23,2	1,28	0,3185	0,482	0,792849999999997
23,22	1,285	0,3285	0,4645	0,802314999999997
23,24	1,295	0,339	0,4505	0,811464999999998
23,26	1,3	0,3495	0,4355	0,820324999999998
23,28	1,31	0,36	0,416	0,828839999999998
23,3	1,32	0,371	0,4005	0,837004999999998
23,32	1,325	0,3815	0,3795	0,844804999999997
23,34	1,335	0,393	0,3625	0,852224999999997
23,36	1,34	0,404	0,347	0,859319999999997
23,38	1,35	0,415	0,3285	0,866074999999997
23,4	1,36	0,426	0,313	0,872489999999998
23,42	1,365	0,4365	0,294	0,878559999999998
23,44	1,375	0,4475	0,28	0,884299999999998
23,46	1,38	0,4575	0,261	0,889709999999998
23,48	1,39	0,4675	0,244	0,894759999999998
23,5	1,4	0,4775	0,2325	0,899524999999997
23,52	1,405	0,4875	0,2135	0,903984999999997
23,54	1,415	0,4965	0,1995	0,908114999999997
23,56	1,42	0,5055	0,1945	0,912054999999997
23,58	1,43	0,515	0,1855	0,915854999999998
23,6	1,44	0,5235	0,176	0,919469999999998
23,62	1,445	0,5315	0,1655	0,922884999999998
23,64	1,455	0,5395	0,1595	0,926134999999998
23,66	1,46	0,547	0,1525	0,929254999999998
23,68	1,47	0,554	0,1395	0,932174999999998
23,7	1,48	0,561	0,1345	0,934914999999998
23,72	1,485	0,568	0,127	0,937529999999997
23,74	1,495	0,5745	0,1215	0,940014999999998
23,76	1,5	0,581	0,117	0,942399999999998
23,78	1,51	0,587	0,1085	0,944654999999998
23,8	1,52	0,593	0,1005	0,946744999999998
23,82	1,525	0,5985	0,0895	0,948644999999998
23,84	1,535	0,604	0,088	0,950419999999998
23,86	1,54	0,6095	0,088	0,952179999999998
23,88	1,55	0,6145	0,08	0,953859999999998
23,9	1,56	0,6195	0,078	0,955439999999998
23,92	1,565	0,6245	0,0725	0,956944999999998
23,94	1,575	0,6295	0,073	0,958399999999998
23,96	1,58	0,634	0,0745	0,959874999999998
23,98	1,59	0,6385	0,0675	0,961294999999998
24	1,6	0,643	0,069	0,962659999999998
24,02	1,605	0,648	0,069	0,964039999999998
24,04	1,615	0,652	0,0685	0,965414999999998
24,06	1,62	0,656	0,067	0,966769999999998
24,08	1,63	0,66	0,0675	0,968114999999998
24,1	1,64	0,6645	0,067	0,969459999999998
24,12	1,645	0,6685	0,0635	0,970764999999998
24,14	1,655	0,6725	0,063	0,972029999999998
24,16	1,66	0,6765	0,0645	0,973304999999998
24,18	1,67	0,68	0,06	0,974549999999998
24,2	1,68	0,684	0,062	0,975769999999998
24,22	1,685	0,688	0,059	0,976979999999998
24,24	1,695	0,6915	0,0575	0,978144999999998
24,26	1,7	0,6955	0,0595	0,979314999999998
24,28	1,71	0,699	0,054	0,980449999999998
24,3	1,72	0,703	0,0545	0,981534999999998
24,32	1,725	0,7065	0,054	0,982619999999998
24,34	1,735	0,71	0,0565	0,983724999999998
24,36	1,74	0,714	0,0565	0,984854999999998
24,38	1,75	0,7175	0,0545	0,985964999999998
24,4	1,76	0,721	0,055	0,987059999999998
24,42	1,765	0,725	0,0525	0,988134999999998
24,44	1,775	0,7285	0,0545	0,989204999999998
24,46	1,78	0,732	0,0545	0,990294999999998
24,48	1,79	0,7355	0,052	0,991359999999998
24,5	1,8	0,7395	0,054	0,992419999999998
24,52	1,805	0,743	0,0505	0,993464999999998
24,54	1,815	0,7465	0,051	0,994479999999998
24,56	1,82	0,75	0,0515	0,995504999999998
24,58	1,83	0,754	0,049	0,996509999999998
24,6	1,84	0,757	0,049	0,997489999999998
24,62	1,845	0,761	0,046	0,998439999999998
24,64	1,855	0,7645	0,05	0,999399999999998
24,66	1,86	0,7675	0,05	1,0004
24,68	1,87	0,7715	0,0475	1,001375
24,7	1,88	0,775	0,049	1,00234
24,72	1,885	0,7785	0,045	1,00328
24,74	1,895	0,782	0,0485	1,004215
24,76	1,9	0,7855	0,0485	1,005185
24,78	1,91	0,7895	0,0465	1,006135
24,8	1,92	0,793	0,0455	1,007055
24,82	1,925	0,7965	0,0425	1,007935
24,84	1,935	0,7995	0,0385	1,008745
24,86	1,94	0,803	0,0395	1,009525
24,88	1,95	0,8065	0,039	1,01031
24,9	1,96	0,81	0,0415	1,011115
24,92	1,965	0,8135	0,0425	1,011955
24,94	1,975	0,817	0,044	1,01282
24,96	1,98	0,8205	0,0445	1,013705
24,98	1,99	0,824	0,0425	1,014575
25	2	0,8275	0,044	1,01544
